2 dblp.xml 25MB 16 32764 16 32768
2 dblp.xml 50MB 16 32768 16 32768
2 dblp.xml 75MB 16 32768 16 32768
2 dna 25MB 16 32768 16 32768
2 dna 50MB 16 32768 16 32768
2 dna 75MB 16 32768 16 32768
2 english 25MB 16 29402 16 32768
2 english 50MB 16 32746 16 32768
2 english 75MB 16 32768 16 32768
2 proteins 25MB 16 32746 16 32768
2 proteins 50MB 16 32768 16 32768
2 proteins 75MB 16 32768 16 32768
2 sources 25MB 16 32681 16 32768
2 sources 50MB 16 32768 16 32768
2 sources 75MB 16 32768 16 32768
4 dblp.xml 25MB 816 474423 816 1073741824
4 dblp.xml 50MB 816 824484 816 1073741824
4 dblp.xml 75MB 816 1140409 816 1073741824
4 dna 25MB 203 1229710 816 1073741824
4 dna 50MB 284 2561684 816 1073741824
4 dna 75MB 268 2758967 816 1073741824
4 english 25MB 816 557052 816 1073741824
4 english 50MB 816 1256476 816 1073741824
4 english 75MB 816 1974236 816 1073741824
4 proteins 25MB 816 1981485 816 1073741824
4 proteins 50MB 816 4922396 816 1073741824
4 proteins 75MB 816 6966879 816 1073741824
4 sources 25MB 816 682350 816 1073741824
4 sources 50MB 816 996919 816 1073741824
4 sources 75MB 816 1377946 816 1073741824
8 dblp.xml 25MB 51021 581103 170544 35184372088832
8 dblp.xml 50MB 63333 1081633 170544 35184372088832
8 dblp.xml 75MB 72850 1532481 170544 35184372088832
8 dna 25MB 943 1611668 170544 35184372088832
8 dna 50MB 1334 3191530 170544 35184372088832
8 dna 75MB 1180 4750184 170544 35184372088832
8 english 25MB 50588 731610 170544 35184372088832
8 english 50MB 51566 1802114 170544 35184372088832
8 english 75MB 117655 2752820 170544 35184372088832
8 proteins 25MB 147851 1843544 170544 35184372088832
8 proteins 50MB 59395 4840129 170544 35184372088832
8 proteins 75MB 39111 8206580 170544 35184372088832
8 sources 25MB 75597 946691 170544 35184372088832
8 sources 50MB 85580 1661725 170544 35184372088832
8 sources 75MB 97571 2361281 170544 35184372088832
2 english.ints 25MB 16 29916 16 32768
2 english.ints 50MB 16 32729 16 32768
2 english.ints 75MB 16 32768 16 32768
4 english.ints 25MB 816 800844 816 1073741824
4 english.ints 50MB 816 1819711 816 1073741824
4 english.ints 75MB 816 2773915 816 1073741824
8 english.ints 25MB 133088 1005564 170544 35184372088832
8 english.ints 50MB 166354 2115291 170544 35184372088832
8 english.ints 75MB 169784 3215478 170544 35184372088832
